Rough Seas
height_means [408.96870587136419, 618.9382890790929, 434.44572499082142, 451.82701774485759, 502.7340266682325, 263.92324773502253, 151.54846904536629, 162.18060049152049]
height_devs [10.245690628409305, 9.7744619434076689, 13.546656311530009, 13.007340747694895, 12.137006314854627, 4.4036817094924157, 2.6149084980450339, 2.3694060261147007]
period_means [408.96870587136419, 618.9382890790929, 434.44572499082142, 451.82701774485759, 502.7340266682325, 263.92324773502253, 151.54846904536629, 162.18060049152049]
period_devs [10.245690628409305, 9.7744619434076689, 13.546656311530009, 13.007340747694895, 12.137006314854627, 4.4036817094924157, 2.6149084980450339, 2.3694060261147007]
Calm Seas
height_means [113.09891825349841, 325.80607511644098, 454.12346783252559, 343.70113248150881, 323.34101131993617, 377.68747773352118, 212.28034349030526, 133.63553350424269]
height_devs [2.1311887584260383, 5.4729776769071377, 11.811507835389955, 14.961857214503532, 15.307055937218518, 15.356232618875076, 5.1224608901094646, 2.9193029736313871]
period_means [113.09891825349841, 325.80607511644098, 454.12346783252559, 343.70113248150881, 323.34101131993617, 377.68747773352118, 212.28034349030526, 133.63553350424269]
period_devs [2.1311887584260383, 5.4729776769071377, 11.811507835389955, 14.961857214503532, 15.307055937218518, 15.356232618875076, 5.1224608901094646, 2.9193029736313871]
